Total: 51.23
(1, 2)Flow: 0.000000
(1, 22)Flow: 5.780000
(1, 23)Flow: 0.000000
(1, 29)Flow: 2.190000
(1, 40)Flow: 5.040000
(1, 43)Flow: 0.000000
(1, 51)Flow: 5.150000
(1, 64)Flow: 1.310000
(1, 72)Flow: 3.940000
(1, 73)Flow: 6.980000
(1, 75)Flow: 1.110000
(1, 78)Flow: 0.000000
(1, 80)Flow: 0.000000
(1, 90)Flow: 1.870000
(1, 94)Flow: 0.000000
(1, 95)Flow: 0.000000
(1, 101)Flow: 0.000000
(1, 103)Flow: 6.200000
(1, 105)Flow: 2.820000
(1, 106)Flow: 0.000000
(1, 110)Flow: 1.760000
(1, 116)Flow: 0.000000
(1, 128)Flow: 0.000000
(1, 143)Flow: 0.000000
(1, 145)Flow: 0.000000
(1, 154)Flow: 0.000000
(1, 162)Flow: 4.830000
(1, 163)Flow: 1.640000
(1, 164)Flow: 0.000000
(1, 178)Flow: 0.000000
(1, 190)Flow: 0.000000
(1, 192)Flow: 0.610000
(1, 193)Flow: 0.000000
(1, 195)Flow: 0.000000